{
  "factors": ["动量_5日", "波动率_20日", "换手率", "RSI_14", "ATR_14", "MACD", "布林带位置", "成交额"],
  "correlationMatrix": [
    [1.00, 0.32, 0.18, 0.25, 0.45, 0.38, 0.22, 0.15],
    [0.32, 1.00, 0.28, 0.35, 0.72, 0.42, 0.31, 0.22],
    [0.18, 0.28, 1.00, 0.15, 0.25, 0.18, 0.12, 0.85],
    [0.25, 0.35, 0.15, 1.00, 0.28, 0.45, 0.55, 0.12],
    [0.45, 0.72, 0.25, 0.28, 1.00, 0.38, 0.28, 0.18],
    [0.38, 0.42, 0.18, 0.45, 0.38, 1.00, 0.48, 0.15],
    [0.22, 0.31, 0.12, 0.55, 0.28, 0.48, 1.00, 0.08],
    [0.15, 0.22, 0.85, 0.12, 0.18, 0.15, 0.08, 1.00]
  ],
  "returnCorrelation": [
    {"factor": "动量_5日", "correlation": 0.085, "ic": 0.045},
    {"factor": "波动率_20日", "correlation": -0.062, "ic": -0.032},
    {"factor": "换手率", "correlation": -0.048, "ic": -0.028},
    {"factor": "RSI_14", "correlation": 0.032, "ic": 0.018},
    {"factor": "ATR_14", "correlation": -0.055, "ic": -0.035},
    {"factor": "MACD", "correlation": 0.028, "ic": 0.015},
    {"factor": "布林带位置", "correlation": 0.042, "ic": 0.025},
    {"factor": "成交额", "correlation": -0.038, "ic": -0.022}
  ],
  "scatterData": [
    {"x": 0.052, "y": 0.028, "return": 0.015},
    {"x": -0.032, "y": 0.045, "return": -0.008},
    {"x": 0.078, "y": -0.022, "return": 0.032},
    {"x": -0.015, "y": 0.038, "return": 0.005},
    {"x": 0.095, "y": 0.012, "return": 0.042},
    {"x": -0.048, "y": -0.035, "return": -0.025},
    {"x": 0.025, "y": 0.055, "return": 0.012},
    {"x": 0.068, "y": -0.018, "return": 0.028},
    {"x": -0.022, "y": 0.028, "return": -0.005},
    {"x": 0.042, "y": 0.048, "return": 0.018},
    {"x": -0.058, "y": -0.042, "return": -0.032},
    {"x": 0.082, "y": 0.015, "return": 0.038},
    {"x": 0.015, "y": -0.025, "return": 0.008},
    {"x": -0.035, "y": 0.032, "return": -0.012},
    {"x": 0.065, "y": 0.058, "return": 0.025},
    {"x": -0.012, "y": -0.015, "return": -0.002},
    {"x": 0.045, "y": 0.022, "return": 0.022},
    {"x": 0.072, "y": -0.038, "return": 0.035},
    {"x": -0.028, "y": 0.042, "return": -0.015},
    {"x": 0.055, "y": 0.035, "return": 0.028},
    {"x": -0.065, "y": -0.055, "return": -0.038},
    {"x": 0.038, "y": 0.018, "return": 0.015},
    {"x": 0.088, "y": -0.028, "return": 0.045},
    {"x": -0.018, "y": 0.048, "return": -0.008},
    {"x": 0.022, "y": -0.032, "return": 0.012},
    {"x": 0.075, "y": 0.025, "return": 0.032},
    {"x": -0.042, "y": 0.015, "return": -0.018},
    {"x": 0.058, "y": 0.062, "return": 0.028},
    {"x": -0.025, "y": -0.045, "return": -0.012},
    {"x": 0.092, "y": 0.008, "return": 0.048}
  ]
}
